 10 RECORDS in this file.
#
1|    1 |    0 |  230 |CANOPY CAPACITY NON-ICE TILES  KG/M2|
2|    3 |    0 |    1 |   21 |    5 |   -1 |   -1 |    9 |    1 |    9 |    0 |
3| 00000000020000000000 | 00000000000000000001 |
4|    1 |  122 | -99  -99  -99  -99  -99  -99  -99  -99  -99  -99 |
5|    0 | 1505 |    0 |  129 |    0 |    0 |    0 |    0 |    0 |
#
1|    1 |    1 |  239 |WEIGHTED SW CLOUD EXTINCTION        |
2|    0 |    0 |    3 |    1 |    1 |    1 |   35 |    0 |    0 |    0 |    0 |
3| 00000000000000000000 | 00000000000000000100 |
4|    1 |    2 | -99  -99  -99  -99  -99  -99  -99  -99  -99  -99 |
5|    0 | 1714 |    0 |    9 |    0 |    0 |    0 |    0 |    0 |
#
1|    1 |    1 |  240 |WEIGHTS FOR CLOUD SW EXTINCTION     |
2|    0 |    0 |    3 |    1 |    1 |    1 |   35 |    0 |    0 |    0 |    0 |
3| 00000000000000000000 | 00000000000000000100 |
4|    1 |    2 | -99  -99  -99  -99  -99  -99  -99  -99  -99  -99 |
5|    0 | 1715 |    0 |    9 |    0 |    0 |    0 |    0 |    0 |
#
1|    1 |    2 |  239 |WEIGHTED CLOUD ABSORPTIVITY         |
2|    0 |    0 |    2 |    1 |    1 |    1 |   35 |    0 |    0 |    0 |    0 |
3| 00000000000000000000 | 00000000000000000100 |
4|    1 |    2 | -99  -99  -99  -99  -99  -99  -99  -99  -99  -99 |
5|    0 | 1718 |    0 |    9 |    0 |    0 |    0 |    0 |    0 |
#
1|    1 |    2 |  240 |WEIGHTS FOR CLOUD ABSORPTIVITY      |
2|    0 |    0 |    2 |    1 |    1 |    1 |   35 |    0 |    0 |    0 |    0 |
3| 00000000000000000000 | 00000000000000000100 |
4|    1 |    2 | -99  -99  -99  -99  -99  -99  -99  -99  -99  -99 |
5|    0 | 1719 |    0 |    9 |    0 |    0 |    0 |    0 |    0 |
#
1|    1 |    2 |  241 |TOTAL CLOUD AMOUNT ON LEVELS        |
2|    0 |    0 |    2 |    1 |    1 |    1 |   35 |    0 |    0 |    0 |    0 |
3| 00000000000000000000 | 00000000000000000100 |
4|    1 |    2 | -99  -99  -99  -99  -99  -99  -99  -99  -99  -99 |
5|    0 | 1720 |    0 |    9 |    0 |    0 |    0 |    0 |    0 |
#
1|    1 |    3 |  344 |LEAF INTERNAL CO2 ON PFTS           |
2|    0 |    0 |   1  |    2 |    5 |   -1 |   -1 |    9 |    1 |    8 |    0 |
3| 00000000000000000000 | 00000000000001000000 |
4|    1 |    2 | -99  -99  -99  -99  -99  -99  -99  -99  -99  -99 |
5|    0 | 1404 |    0 |  129 |    0 |    0 |    0 | 9999 |    0 |
#
1|    1 |    2 |  260 |OZONE CONCENTRATION AFTER LW (MMR)  |
2|    0 |    0 |    2 |    1 |    1 |    1 |    2 |    0 |    0 |    0 |    1 |
3| 00000000000000000000 | 00000000000000000101 |
4|    1 |    2 | -99  -99  -99  -99  -99  -99  -99  -99  -99  -99 |
5|    0 |  453 |    0 |    9 |    0 |    0 |    0 |    0 |    0 |
#
1|    1 |    3 |  312 |POTENTIAL EVAPORATION RATE  KG/M2/S |
2|    0 |    0 |    1 |    2 |    5 |   -1 |   -1 |    0 |    0 |    0 |    0 |
3| 00000000000000000000 | 00000000000001110000 |
4|    1 |    2 | -99  -99  -99  -99  -99  -99  -99  -99  -99  -99 |
5|    0 | 1558 |    0 |  129 |    0 |    0 |    0 |    0 |    0 |
#
1|    1 |    3 |  334 |POTENTIAL EVAPORATION ON TILES      |
2|    0 |    0 |    1 |    2 |    5 |   -1 |   -1 |    9 |    1 |    9 |    0 |
3| 00000000000000000000 | 00000000000001000000 |
4|    1 |    2 | -99  -99  -99  -99  -99  -99  -99  -99  -99  -99 |
5|    0 | 1571 |    0 |  129 |    0 |    0 |    0 | 9999 |    0 |
# end of file
