 13 RECORDS in this file.
#
1|    2 |    0 |  116 |OCN EXTRACER 14: AGE TRACER         |
2|    8 |    0 |    1 |   36 |    1 |   21 |   22 |    0 |    0 |    0 |    0 |
3| 00000000000000000014 | 00000000000000000001 |
4|    1 |    0 | -99  -99  -99  -99  -99  -99  -99  -99  -99  -99 |
5|    0 |  814 |    0 |    2 |    0 |    0 |    0 |    0 |    0 |
#
1|    2 |    0 |  103 |OCN EXTRACER  1: CONVEN TCO2        |
2|    8 |    0 |    1 |   36 |    1 |   21 |   22 |    0 |    0 |    0 |    0 |
3| 00000000000000000001 | 00000000000000000001 |
4|    1 |    0 | -99  -99  -99  -99  -10  -99  -99  -99  -99  -99 |
5|    0 |  801 |    0 |    2 |    0 |    0 |    0 |    0 |    0 |
#
1|    2 |    0 |  104 |OCN EXTRACER  2: CONVEN ALAKLINITY  |
2|    8 |    0 |    1 |   36 |    1 |   21 |   22 |    0 |    0 |    0 |    0 |
3| 00000000000000000002 | 00000000000000000001 |
4|    1 |    0 | -99  -99  -99  -99  -10  -99  -99  -99  -99  -99 |
5|    0 |  802 |    0 |    2 |    0 |    0 |    0 |    0 |    0 |
#
1|    2 |    0 |  105 |OCN EXTRACER  3: CONVEN NUTRIENT    |
2|    8 |    0 |    1 |   36 |    1 |   21 |   22 |    0 |    0 |    0 |    0 |
3| 00000000000000000003 | 00000000000000000001 |
4|    1 |    0 | -99  -99  -99  -99  -17  -99  -99  -99  -99  -99 |
5|    0 |  803 |    0 |    2 |    0 |    0 |    0 |    0 |    0 |
#
1|    2 |    0 |  106 |OCN EXTRACER  4: CONVEN PHYTOPLNKTN |
2|    8 |    0 |    1 |   36 |    1 |   21 |   22 |    0 |    0 |    0 |    0 |
3| 00000000000000000004 | 00000000000000000001 |
4|    1 |    0 | -99  -99  -99  -99  -17  -99  -99  -99  -99  -99 |
5|    0 |  804 |    0 |    2 |    0 |    0 |    0 |    0 |    0 |
#
1|    2 |    0 |  107 |OCN EXTRACER  5: CONVEN ZOOPLNKTN   |
2|    8 |    0 |    1 |   36 |    1 |   21 |   22 |    0 |    0 |    0 |    0 |
3| 00000000000000000005 | 00000000000000000001 |
4|    1 |    0 | -99  -99  -99  -99  -17  -99  -99  -99  -99  -99 |
5|    0 |  805 |    0 |    2 |    0 |    0 |    0 |    0 |    0 |
#
1|    2 |    0 |  108 |OCN EXTRACER  6: CONVEN DETRITUS    |
2|    8 |    0 |    1 |   36 |    1 |   21 |   22 |    0 |    0 |    0 |    0 |
3| 00000000000000000006 | 00000000000000000001 |
4|    1 |    0 | -99  -99  -99  -99  -19  -99  -99  -99  -99  -99 |
5|    0 |  806 |    0 |    2 |    0 |    0 |    0 |    0 |    0 |
#
1|    2 |    0 |  115 |OCN EXTRACER 13: OXYGEN             |
2|    8 |    0 |    1 |   36 |    1 |   21 |   22 |    0 |    0 |    0 |    0 |
3| 00000000000000000013 | 00000000000000000001 |
4|    1 |    0 | -99  -99  -99  -99  -99  -99  -99  -99  -99  -99 |
5|    0 |  813 |    0 |    2 |    0 |    0 |    0 |    0 |    0 |
#
1|    2 |    0 |  200 | CO2 ATMOS LEVEL 1 CONC     ppmv    |
2|    2 |    0 |    1 |   36 |    5 |   -1 |   -1 |    0 |    0 |    0 |    0 |
3| 00000000000000000000 | 00000000000000000001 |
4|    1 |    0 | -99  -99  -99  -99  -99  -99  -99  -99  -99  -99 |
5|    0 |  648 |    0 |    0 |    0 |    0 |    0 |    0 |    0 |
#
1|    2 |   30 |  284 |DTHETA/DT FROM G&MCW SCHEME     K/Gs|
2|    0 |    0 |    1 |   41 |    1 |   21 |   22 |    0 |    0 |    0 |    0 |
3| 00000000000000040000 | 00000000000000000001 |
4|    1 |    2 | -99  -99  -99  -99  -99  -99  -99  -99  -99  -99 |
5|    0 |  834 |    0 |    2 |    0 |    0 |    0 |    0 |    0 |
#
1|    2 |   30 |  322 |DS/DT FROM G&MCW SCHEME       Gs**-1|
2|    0 |    0 |    1 |   41 |    1 |   21 |   22 |    0 |    0 |    0 |    0 |
3| 00000000000000040000 | 00000000000000000001 |
4|    1 |    2 | -99  -99  -99  -99  -99  -99  -99  -99  -99  -99 |
5|    0 |  648 |    0 |    2 |    0 |    0 |    0 |    0 |    0 |
#
1|    2 |   30 |  323 |TOTAL WATER FIX FLUX (INPUT+UPDATE) |
2|    0 |    0 |    1 |   41 |    5 |   -1 |   -1 |    0 |    0 |    0 |    0 |
3| 00000000000000000000 | 00000000000000000001 |
4|    1 |    0 | -99  -99  -99  -99  -99  -99  -99  -99  -99  -99 |
5|    0 |  632 |    0 |    0 |    0 |    0 |    0 |    0 |    0 |
#
1|    2 |   30 |  330 |EXPORT PRODUCTION      (MMOL-N/M2/D)|
2|    0 |    0 |    1 |   41 |    1 |   21 |   22 |    0 |    0 |    0 |    0 |
3| 00000000000000000000 | 00000000000000000001 |
4|    1 |    0 | -99  -99  -99  -99  -99  -99  -99  -99  -99  -99 |
5|    0 |  930 |    0 |    2 |    0 |    0 |    0 |    0 |    0 |
# end of file
